<?xml version="1.0"?>
<opencv_storage>
<calibration_Time>"Sat May  6 12:13:27 2017"</calibration_Time>
<nrOfFrames>25</nrOfFrames>
<image_Width>640</image_Width>
<image_Height>480</image_Height>
<board_Width>9</board_Width>
<board_Height>6</board_Height>
<square_Size>50.</square_Size>
<FixAspectRatio>1.</FixAspectRatio>
<!-- flags:  +fix_aspectRatio +fix_principal_point +zero_tangent_dist -->
<flagValue>14</flagValue>
<Camera_Matrix type_id="opencv-matrix">
  <rows>3</rows>
  <cols>3</cols>
  <dt>d</dt>
  <data>
    5.2525240813998300e+02 0. 320. 0. 5.2525240813998300e+02 240. 0. 0.
    1.</data></Camera_Matrix>
<Distortion_Coefficients type_id="opencv-matrix">
  <rows>5</rows>
  <cols>1</cols>
  <dt>d</dt>
  <data>
    -1.0308962226315681e-01 4.0698698425218116e-01 0. 0.
    -8.2257899999453565e-01</data></Distortion_Coefficients>
<Avg_Reprojection_Error>6.0634456503188738e-01</Avg_Reprojection_Error>
<Per_View_Reprojection_Errors type_id="opencv-matrix">
  <rows>25</rows>
  <cols>1</cols>
  <dt>f</dt>
  <data>
    1.02250934e+00 1.00111222e+00 6.59949780e-01 7.36379862e-01
    6.86917543e-01 6.14260435e-01 5.70850313e-01 5.29254436e-01
    5.09525120e-01 4.46884245e-01 4.27317381e-01 4.11067992e-01
    4.06437457e-01 3.83291185e-01 3.79041016e-01 3.75120670e-01
    3.75579327e-01 3.81232262e-01 4.27077860e-01 5.35558999e-01
    6.41416609e-01 6.30533874e-01 7.40532875e-01 7.60987103e-01
    7.81771243e-01</data></Per_View_Reprojection_Errors>
<!-- a set of 6-tuples (rotation vector + translation vector) for each view -->
<Extrinsic_Parameters type_id="opencv-matrix">
  <rows>25</rows>
  <cols>6</cols>
  <dt>d</dt>
  <data>
    -2.1057648410403934e-01 -2.0253024385071200e-01
    -2.9596217439113288e+00 1.6289928656200536e+02
    1.4452649134274330e+02 7.0679718887433876e+02
    -2.4044763067576710e-01 -2.1878650592282486e-01
    -2.9563966370097647e+00 2.0412508203786132e+02
    1.5464885767730362e+02 6.9857882809625744e+02
    -3.2122390797306682e-01 -2.4624374715756137e-01
    -2.9360801247032775e+00 2.4735484548891188e+02
    1.6567238557393122e+02 6.8324778259400512e+02
    -3.6507811185913208e-01 -2.7782715757459669e-01
    -2.9101753961815935e+00 2.5684757352131362e+02
    1.6966585143752937e+02 6.7600345552194824e+02
    -3.3949968731968905e-01 -2.7447123552656782e-01
    -2.9212720240187564e+00 2.6094039215287933e+02
    1.7065068849869721e+02 6.8222543461970599e+02
    -3.0531718331618768e-01 -2.5841556924951226e-01
    -2.9377659253133159e+00 2.6212872622390694e+02
    1.7265609382028595e+02 6.9199207077331391e+02
    -2.7216764376225006e-01 -2.6216736766760995e-01
    -2.9489080046671670e+00 2.5953997635785407e+02
    1.7282573964326460e+02 6.9886533173392615e+02
    -2.5354427206859881e-01 -2.6224332494759717e-01
    -2.9557087909205388e+00 2.5789383221125780e+02
    1.7360807092231948e+02 7.0470354830452061e+02
    -2.3908582020987995e-01 -2.6417865753202630e-01
    -2.9624618969039078e+00 2.5677553838570628e+02
    1.7511235126688376e+02 7.0932070627022313e+02
    -2.1796657331863400e-01 -2.5405038726446566e-01
    -2.9708682066714647e+00 2.5476482655676435e+02
    1.7664708007171126e+02 7.1478234332683678e+02
    -1.9858064439378573e-01 -2.5294640001244317e-01
    -2.9775331477503295e+00 2.5264478690960325e+02
    1.7729812963961294e+02 7.1989939098830712e+02
    -1.8092042399378069e-01 -2.6382913774116240e-01
    -2.9827107487631590e+00 2.5171537525532463e+02
    1.7758361324840715e+02 7.2447500869074884e+02
    -1.5268014710958155e-01 -2.3302471730820737e-01
    -2.9975956380068323e+00 2.5323596265486682e+02
    1.7840735252604784e+02 7.3162634005708799e+02
    -1.2330006712483381e-01 -2.3120639226691475e-01
    -3.0074595420965688e+00 2.5412253189068298e+02
    1.7923579747020554e+02 7.3674533382112475e+02
    -1.0400361735017764e-01 -2.0107111214809503e-01
    -3.0201981549993255e+00 2.5368372067401600e+02
    1.8073222205776401e+02 7.4101713862845861e+02
    -9.1084921639660990e-02 -1.9380586090796070e-01
    -3.0321423163751278e+00 2.5190992438302720e+02
    1.8100486680450899e+02 7.4354188999672272e+02
    -7.3750354850832450e-02 -1.9288978468203771e-01
    -3.0493455062270547e+00 2.5056016730654665e+02
    1.7659934846886813e+02 7.4653060509605382e+02
    -3.9419565991569906e-02 -2.0508322804484469e-01
    -3.0753300687278746e+00 2.5373182341850224e+02
    1.6932060604644309e+02 7.5129103363498086e+02
    -5.2912667038669189e-02 2.3794550441801629e-01
    3.1279269354118489e+00 2.5868498324120867e+02 1.4990774357217811e+02
    7.6532316847686707e+02 -1.2169423475257962e-01
    2.6768089661260547e-01 3.0796007637000931e+00 2.5696543453422379e+02
    1.3823241149058504e+02 7.7467238014815496e+02
    -1.9362684902194469e-01 2.8344003415224694e-01
    3.0302621032771468e+00 2.5413358023673379e+02 1.2812172650541294e+02
    7.8400814944254000e+02 -2.8414733766590816e-02
    -1.5106742263936734e-01 -3.0794743945122325e+00
    2.0456166635751742e+02 1.2066795210062801e+02 5.6392172335437044e+02
    -4.3636986157917598e-02 -2.0531843353612616e-02
    -3.0617847761938530e+00 2.0262125729469631e+02
    1.0906563319288715e+02 5.2887336978529220e+02
    -4.3345121098135465e-02 1.3734561674841708e-02
    -3.0592436407643313e+00 2.0333025731868904e+02
    1.0784673845745031e+02 5.2430943256456203e+02
    -4.6418775004372650e-02 4.9982781945280406e-02
    -3.0596073712976590e+00 2.0367586481401889e+02
    1.0635263998068572e+02 5.2075233645239143e+02</data></Extrinsic_Parameters>
